2000
1998
0 482 482
1 472 482
2 459 472
3 457 459
4 465 457
5 462 465
6 433 462
7 402 433
8 370 402
9 372 370
10 383 372
11 399 383
12 415 399
13 438 415
14 460 438
15 480 460
16 484 480
17 492 484
18 494 492
19 494 494
20 515 494
21 543 515
22 577 543
23 579 577
24 588 579
25 616 588
26 656 616
27 701 656
28 739 701
29 764 739
30 796 764
31 812 796
32 836 812
33 837 836
34 840 837
35 849 840
36 858 849
37 868 858
38 857 868
39 841 857
40 831 841
41 849 831
42 876 849
43 901 876
44 913 901
45 912 913
46 901 912
47 897 901
48 907 897
49 913 907
50 911 913
51 901 911
52 907 901
53 914 907
54 941 914
55 962 941
56 979 962
57 972 979
58 967 972
59 971 967
60 991 971
61 1003 991
62 1019 1003
63 1023 1019
64 1032 1023
65 1035 1032
66 1038 1035
67 1058 1038
68 1080 1058
69 1105 1080
70 1113 1105
71 1117 1113
72 1116 1117
73 1123 1116
74 1130 1123
75 1116 1130
76 1116 1116
77 1119 1116
78 1154 1119
79 1174 1154
80 1167 1174
81 1151 1167
82 1125 1151
83 1123 1125
84 1123 1123
85 1143 1123
86 1177 1143
87 1209 1177
88 1221 1209
89 1221 1221
90 1218 1221
91 1218 1218
92 1216 1218
93 1226 1216
94 1219 1226
95 1223 1219
96 1213 1223
97 1220 1213
98 1227 1220
99 1244 1227
100 1261 1244
101 1275 1261
102 1288 1275
103 1302 1288
104 1310 1302
105 1281 1310
106 1257 1281
107 1233 1257
108 1240 1233
109 1256 1240
110 1272 1256
111 1318 1272
112 1343 1318
113 1355 1343
114 1347 1355
115 1366 1347
116 1383 1366
117 1365 1383
118 1326 1365
119 1303 1326
120 1308 1303
121 1315 1308
122 1327 1315
123 1345 1327
124 1364 1345
125 1377 1364
126 1391 1377
127 1400 1391
128 1420 1400
129 1454 1420
130 1487 1454
131 1503 1487
132 1498 1503
133 1494 1498
134 1498 1494
135 1509 1498
136 1527 1509
137 1555 1527
138 1576 1555
139 1593 1576
140 1592 1593
141 1592 1592
142 1588 1592
143 1602 1588
144 1614 1602
145 1631 1614
146 1646 1631
147 1672 1646
148 1697 1672
149 1712 1697
150 1710 1712
151 1703 1710
152 1701 1703
153 1697 1701
154 1714 1697
155 1724 1714
156 1742 1724
157 1735 1742
158 1731 1735
159 1750 1731
160 1772 1750
161 1795 1772
162 1798 1795
163 1795 1798
164 1787 1795
165 1776 1787
166 1774 1776
167 1773 1774
168 1774 1773
169 1781 1774
170 1763 1781
171 1734 1763
172 1702 1734
173 1698 1702
174 1729 1698
175 1780 1729
176 1830 1780
177 1852 1830
178 1851 1852
179 1850 1851
180 1833 1850
181 1851 1833
182 1850 1851
183 1880 1850
184 1841 1880
185 1801 1841
186 1720 1801
187 1673 1720
188 1657 1673
189 1682 1657
190 1714 1682
191 1740 1714
192 1741 1740
193 1739 1741
194 1733 1739
195 1739 1733
196 1743 1739
197 1748 1743
198 1762 1748
199 1779 1762
200 1795 1779
201 1798 1795
202 1802 1798
203 1805 1802
204 1809 1805
205 1813 1809
206 1839 1813
207 1880 1839
208 1921 1880
209 1940 1921
210 1947 1940
211 1950 1947
212 1951 1950
213 1958 1951
214 1965 1958
215 1996 1965
216 2022 1996
217 2050 2022
218 2050 2050
219 2049 2050
220 2047 2049
221 2052 2047
222 2040 2052
223 2025 2040
224 2009 2025
225 2004 2009
226 2006 2004
227 2031 2006
228 2049 2031
229 2087 2049
230 2100 2087
231 2134 2100
232 2139 2134
233 2151 2139
234 2145 2151
235 2146 2145
236 2142 2146
237 2148 2142
238 2152 2148
239 2157 2152
240 2167 2157
241 2176 2167
242 2184 2176
243 2164 2184
244 2142 2164
245 2097 2142
246 2072 2097
247 2055 2072
248 2062 2055
249 2072 2062
250 2086 2072
251 2110 2086
252 2134 2110
253 2141 2134
254 2142 2141
255 2145 2142
256 2155 2145
257 2151 2155
258 2154 2151
259 2157 2154
260 2176 2157
261 2186 2176
262 2204 2186
263 2220 2204
264 2211 2220
265 2221 2211
266 2222 2221
267 2258 2222
268 2273 2258
269 2293 2273
270 2301 2293
271 2284 2301
272 2266 2284
273 2252 2266
274 2257 2252
275 2285 2257
276 2318 2285
277 2352 2318
278 2368 2352
279 2397 2368
280 2439 2397
281 2477 2439
282 2501 2477
283 2520 2501
284 2536 2520
285 2534 2536
286 2521 2534
287 2519 2521
288 2513 2519
289 2490 2513
290 2458 2490
291 2425 2458
292 2426 2425
293 2439 2426
294 2463 2439
295 2479 2463
296 2483 2479
297 2493 2483
298 2504 2493
299 2521 2504
300 2540 2521
301 2546 2540
302 2543 2546
303 2539 2543
304 2538 2539
305 2524 2538
306 2490 2524
307 2460 2490
308 2438 2460
309 2440 2438
310 2445 2440
311 2459 2445
312 2466 2459
313 2476 2466
314 2487 2476
315 2527 2487
316 2559 2527
317 2591 2559
318 2597 2591
319 2606 2597
320 2613 2606
321 2604 2613
322 2584 2604
323 2564 2584
324 2568 2564
325 2578 2568
326 2594 2578
327 2614 2594
328 2639 2614
329 2658 2639
330 2678 2658
331 2725 2678
332 2769 2725
333 2797 2769
334 2795 2797
335 2785 2795
336 2787 2785
337 2792 2787
338 2806 2792
339 2807 2806
340 2809 2807
341 2821 2809
342 2836 2821
343 2848 2836
344 2849 2848
345 2868 2849
346 2891 2868
347 2905 2891
348 2891 2905
349 2857 2891
350 2849 2857
351 2851 2849
352 2882 2851
353 2897 2882
354 2907 2897
355 2901 2907
356 2904 2901
357 2938 2904
358 2971 2938
359 3004 2971
360 3024 3004
361 3061 3024
362 3091 3061
363 3114 3091
364 3131 3114
365 3149 3131
366 3164 3149
367 3168 3164
368 3169 3168
369 3165 3169
370 3164 3165
371 3176 3164
372 3167 3176
373 3163 3167
374 3146 3163
375 3147 3146
376 3141 3147
377 3134 3141
378 3132 3134
379 3128 3132
380 3129 3128
381 3115 3129
382 3108 3115
383 3101 3108
384 3107 3101
385 3103 3107
386 3103 3103
387 3094 3103
388 3090 3094
389 3075 3090
390 3072 3075
391 3060 3072
392 3054 3060
393 3048 3054
394 3024 3048
395 3000 3024
396 2973 3000
397 2975 2973
398 2980 2975
399 3012 2980
400 3044 3012
401 3063 3044
402 3058 3063
403 3061 3058
404 3069 3061
405 3077 3069
406 3056 3077
407 3032 3056
408 3005 3032
409 3003 3005
410 3008 3003
411 3015 3008
412 3032 3015
413 3049 3032
414 3067 3049
415 3069 3067
416 3068 3069
417 3073 3068
418 3097 3073
419 3138 3097
420 3145 3138
421 3137 3145
422 3128 3137
423 3150 3128
424 3173 3150
425 3171 3173
426 3162 3171
427 3160 3162
428 3178 3160
429 3200 3178
430 3212 3200
431 3206 3212
432 3206 3206
433 3210 3206
434 3229 3210
435 3242 3229
436 3237 3242
437 3235 3237
438 3233 3235
439 3245 3233
440 3249 3245
441 3267 3249
442 3280 3267
443 3291 3280
444 3298 3291
445 3324 3298
446 3349 3324
447 3370 3349
448 3375 3370
449 3364 3375
450 3359 3364
451 3354 3359
452 3370 3354
453 3358 3370
454 3348 3358
455 3332 3348
456 3335 3332
457 3326 3335
458 3321 3326
459 3313 3321
460 3317 3313
461 3323 3317
462 3321 3323
463 3297 3321
464 3273 3297
465 3252 3273
466 3229 3252
467 3204 3229
468 3191 3204
469 3182 3191
470 3137 3182
471 3080 3137
472 3041 3080
473 3038 3041
474 3033 3038
475 3042 3033
476 3051 3042
477 3060 3051
478 3057 3060
479 3047 3057
480 3040 3047
481 3036 3040
482 3031 3036
483 3025 3031
484 3026 3025
485 3037 3026
486 3055 3037
487 3056 3055
488 3078 3056
489 3095 3078
490 3134 3095
491 3151 3134
492 3166 3151
493 3178 3166
494 3187 3178
495 3207 3187
496 3215 3207
497 3228 3215
498 3240 3228
499 3252 3240
500 3247 3252
501 3236 3247
502 3225 3236
503 3235 3225
504 3230 3235
505 3230 3230
506 3221 3230
507 3223 3221
508 3228 3223
509 3250 3228
510 3276 3250
511 3290 3276
512 3270 3290
513 3227 3270
514 3188 3227
515 3169 3188
516 3188 3169
517 3207 3188
518 3223 3207
519 3233 3223
520 3243 3233
521 3268 3243
522 3276 3268
523 3284 3276
524 3279 3284
525 3240 3279
526 3196 3240
527 3170 3196
528 3186 3170
529 3204 3186
530 3205 3204
531 3217 3205
532 3242 3217
533 3277 3242
534 3317 3277
535 3349 3317
536 3370 3349
537 3372 3370
538 3354 3372
539 3372 3354
540 3382 3372
541 3410 3382
542 3383 3410
543 3384 3383
544 3386 3384
545 3407 3386
546 3412 3407
547 3414 3412
548 3419 3414
549 3423 3419
550 3440 3423
551 3454 3440
552 3468 3454
553 3459 3468
554 3459 3459
555 3459 3459
556 3493 3459
557 3537 3493
558 3569 3537
559 3577 3569
560 3564 3577
561 3564 3564
562 3574 3564
563 3590 3574
564 3605 3590
565 3605 3605
566 3621 3605
567 3630 3621
568 3647 3630
569 3648 3647
570 3657 3648
571 3665 3657
572 3669 3665
573 3674 3669
574 3687 3674
575 3695 3687
576 3701 3695
577 3701 3701
578 3707 3701
579 3713 3707
580 3721 3713
581 3728 3721
582 3735 3728
583 3702 3735
584 3670 3702
585 3641 3670
586 3652 3641
587 3657 3652
588 3659 3657
589 3664 3659
590 3674 3664
591 3697 3674
592 3714 3697
593 3729 3714
594 3727 3729
595 3728 3727
596 3729 3728
597 3741 3729
598 3740 3741
599 3738 3740
600 3729 3738
601 3727 3729
602 3737 3727
603 3755 3737
604 3782 3755
605 3814 3782
606 3843 3814
607 3865 3843
608 3873 3865
609 3876 3873
610 3875 3876
611 3875 3875
612 3875 3875
613 3879 3875
614 3885 3879
615 3895 3885
616 3905 3895
617 3915 3905
618 3906 3915
619 3893 3906
620 3877 3893
621 3872 3877
622 3855 3872
623 3844 3855
624 3837 3844
625 3867 3837
626 3891 3867
627 3912 3891
628 3912 3912
629 3892 3912
630 3875 3892
631 3852 3875
632 3851 3852
633 3857 3851
634 3861 3857
635 3858 3861
636 3848 3858
637 3842 3848
638 3848 3842
639 3864 3848
640 3904 3864
641 3928 3904
642 3939 3928
643 3962 3939
644 3976 3962
645 4001 3976
646 3990 4001
647 4005 3990
648 4012 4005
649 4023 4012
650 4026 4023
651 4029 4026
652 4032 4029
653 4021 4032
654 4010 4021
655 4003 4010
656 4011 4003
657 4053 4011
658 4046 4053
659 4063 4046
660 4039 4063
661 4074 4039
662 4079 4074
663 4088 4079
664 4058 4088
665 4030 4058
666 4005 4030
667 4005 4005
668 4004 4005
669 4005 4004
670 3999 4005
671 4001 3999
672 3999 4001
673 3997 3999
674 3991 3997
675 3980 3991
676 3989 3980
677 3998 3989
678 4008 3998
679 3993 4008
680 3981 3993
681 3971 3981
682 3973 3971
683 3970 3973
684 3979 3970
685 3991 3979
686 4009 3991
687 4009 4009
688 4040 4009
689 4069 4040
690 4108 4069
691 4113 4108
692 4128 4113
693 4148 4128
694 4190 4148
695 4204 4190
696 4213 4204
697 4197 4213
698 4197 4197
699 4185 4197
700 4173 4185
701 4158 4173
702 4153 4158
703 4179 4153
704 4211 4179
705 4245 4211
706 4249 4245
707 4252 4249
708 4242 4252
709 4240 4242
710 4245 4240
711 4261 4245
712 4264 4261
713 4279 4264
714 4307 4279
715 4340 4307
716 4356 4340
717 4358 4356
718 4364 4358
719 4358 4364
720 4369 4358
721 4380 4369
722 4399 4380
723 4408 4399
724 4411 4408
725 4415 4411
726 4415 4415
727 4419 4415
728 4417 4419
729 4400 4417
730 4398 4400
731 4380 4398
732 4371 4380
733 4368 4371
734 4387 4368
735 4392 4387
736 4376 4392
737 4359 4376
738 4368 4359
739 4377 4368
740 4386 4377
741 4403 4386
742 4423 4403
743 4437 4423
744 4435 4437
745 4435 4435
746 4441 4435
747 4454 4441
748 4462 4454
749 4463 4462
750 4459 4463
751 4453 4459
752 4455 4453
753 4439 4455
754 4431 4439
755 4424 4431
756 4433 4424
757 4437 4433
758 4437 4437
759 4428 4437
760 4415 4428
761 4413 4415
762 4439 4413
763 4466 4439
764 4469 4466
765 4448 4469
766 4429 4448
767 4432 4429
768 4455 4432
769 4479 4455
770 4483 4479
771 4466 4483
772 4448 4466
773 4440 4448
774 4472 4440
775 4505 4472
776 4542 4505
777 4549 4542
778 4556 4549
779 4553 4556
780 4550 4553
781 4550 4550
782 4559 4550
783 4572 4559
784 4572 4572
785 4574 4572
786 4571 4574
787 4575 4571
788 4577 4575
789 4578 4577
790 4579 4578
791 4580 4579
792 4582 4580
793 4591 4582
794 4611 4591
795 4630 4611
796 4647 4630
797 4655 4647
798 4666 4655
799 4675 4666
800 4691 4675
801 4704 4691
802 4714 4704
803 4716 4714
804 4721 4716
805 4730 4721
806 4736 4730
807 4739 4736
808 4740 4739
809 4722 4740
810 4707 4722
811 4693 4707
812 4694 4693
813 4702 4694
814 4719 4702
815 4743 4719
816 4748 4743
817 4745 4748
818 4742 4745
819 4746 4742
820 4738 4746
821 4751 4738
822 4766 4751
823 4791 4766
824 4804 4791
825 4822 4804
826 4844 4822
827 4845 4844
828 4846 4845
829 4833 4846
830 4832 4833
831 4809 4832
832 4800 4809
833 4790 4800
834 4800 4790
835 4806 4800
836 4804 4806
837 4803 4804
838 4814 4803
839 4835 4814
840 4860 4835
841 4870 4860
842 4871 4870
843 4862 4871
844 4851 4862
845 4849 4851
846 4847 4849
847 4843 4847
848 4856 4843
849 4879 4856
850 4911 4879
851 4927 4911
852 4936 4927
853 4939 4936
854 4949 4939
855 4959 4949
856 4966 4959
857 4954 4966
858 4941 4954
859 4946 4941
860 4958 4946
861 5003 4958
862 5037 5003
863 5073 5037
864 5084 5073
865 5110 5084
866 5133 5110
867 5150 5133
868 5145 5150
869 5141 5145
870 5133 5141
871 5130 5133
872 5134 5130
873 5136 5134
874 5150 5136
875 5157 5150
876 5170 5157
877 5167 5170
878 5156 5167
879 5141 5156
880 5134 5141
881 5140 5134
882 5148 5140
883 5165 5148
884 5170 5165
885 5152 5170
886 5137 5152
887 5155 5137
888 5198 5155
889 5225 5198
890 5225 5225
891 5225 5225
892 5232 5225
893 5244 5232
894 5252 5244
895 5257 5252
896 5267 5257
897 5291 5267
898 5313 5291
899 5359 5313
900 5389 5359
901 5419 5389
902 5413 5419
903 5408 5413
904 5404 5408
905 5414 5404
906 5423 5414
907 5431 5423
908 5425 5431
909 5423 5425
910 5439 5423
911 5456 5439
912 5475 5456
913 5477 5475
914 5478 5477
915 5482 5478
916 5493 5482
917 5511 5493
918 5495 5511
919 5471 5495
920 5447 5471
921 5457 5447
922 5467 5457
923 5475 5467
924 5510 5475
925 5519 5510
926 5530 5519
927 5512 5530
928 5527 5512
929 5555 5527
930 5592 5555
931 5618 5592
932 5629 5618
933 5639 5629
934 5653 5639
935 5683 5653
936 5703 5683
937 5725 5703
938 5731 5725
939 5739 5731
940 5748 5739
941 5765 5748
942 5782 5765
943 5785 5782
944 5776 5785
945 5774 5776
946 5777 5774
947 5784 5777
948 5770 5784
949 5758 5770
950 5743 5758
951 5730 5743
952 5726 5730
953 5725 5726
954 5723 5725
955 5712 5723
956 5695 5712
957 5679 5695
958 5669 5679
959 5660 5669
960 5661 5660
961 5670 5661
962 5684 5670
963 5690 5684
964 5673 5690
965 5679 5673
966 5690 5679
967 5739 5690
968 5765 5739
969 5789 5765
970 5785 5789
971 5777 5785
972 5738 5777
973 5661 5738
974 5577 5661
975 5529 5577
976 5522 5529
977 5518 5522
978 5513 5518
979 5479 5513
980 5445 5479
981 5409 5445
982 5394 5409
983 5391 5394
984 5395 5391
985 5425 5395
986 5435 5425
987 5440 5435
988 5437 5440
989 5457 5437
990 5479 5457
991 5478 5479
992 5470 5478
993 5463 5470
994 5461 5463
995 5460 5461
996 5451 5460
997 5444 5451
998 5427 5444
999 5431 5427
1000 5456 5431
1001 5492 5456
1002 5502 5492
1003 5491 5502
1004 5475 5491
1005 5475 5475
1006 5488 5475
1007 5533 5488
1008 5574 5533
1009 5606 5574
1010 5615 5606
1011 5623 5615
1012 5627 5623
1013 5625 5627
1014 5631 5625
1015 5640 5631
1016 5625 5640
1017 5585 5625
1018 5543 5585
1019 5544 5543
1020 5544 5544
1021 5556 5544
1022 5545 5556
1023 5561 5545
1024 5570 5561
1025 5585 5570
1026 5580 5585
1027 5573 5580
1028 5559 5573
1029 5559 5559
1030 5564 5559
1031 5563 5564
1032 5561 5563
1033 5573 5561
1034 5594 5573
1035 5584 5594
1036 5552 5584
1037 5526 5552
1038 5531 5526
1039 5546 5531
1040 5541 5546
1041 5534 5541
1042 5542 5534
1043 5566 5542
1044 5594 5566
1045 5602 5594
1046 5611 5602
1047 5619 5611
1048 5628 5619
1049 5634 5628
1050 5630 5634
1051 5628 5630
1052 5635 5628
1053 5646 5635
1054 5652 5646
1055 5656 5652
1056 5669 5656
1057 5682 5669
1058 5695 5682
1059 5697 5695
1060 5701 5697
1061 5696 5701
1062 5688 5696
1063 5683 5688
1064 5694 5683
1065 5714 5694
1066 5736 5714
1067 5755 5736
1068 5770 5755
1069 5782 5770
1070 5790 5782
1071 5801 5790
1072 5807 5801
1073 5804 5807
1074 5801 5804
1075 5802 5801
1076 5802 5802
1077 5797 5802
1078 5793 5797
1079 5802 5793
1080 5833 5802
1081 5854 5833
1082 5869 5854
1083 5863 5869
1084 5876 5863
1085 5887 5876
1086 5927 5887
1087 5963 5927
1088 5990 5963
1089 5998 5990
1090 6012 5998
1091 6038 6012
1092 6050 6038
1093 6035 6050
1094 5979 6035
1095 5937 5979
1096 5909 5937
1097 5917 5909
1098 5913 5917
1099 5909 5913
1100 5905 5909
1101 5903 5905
1102 5887 5903
1103 5873 5887
1104 5870 5873
1105 5879 5870
1106 5888 5879
1107 5889 5888
1108 5887 5889
1109 5873 5887
1110 5859 5873
1111 5853 5859
1112 5861 5853
1113 5869 5861
1114 5875 5869
1115 5882 5875
1116 5919 5882
1117 5956 5919
1118 5976 5956
1119 5964 5976
1120 5972 5964
1121 5998 5972
1122 6041 5998
1123 6070 6041
1124 6095 6070
1125 6105 6095
1126 6105 6105
1127 6107 6105
1128 6111 6107
1129 6121 6111
1130 6136 6121
1131 6150 6136
1132 6187 6150
1133 6218 6187
1134 6249 6218
1135 6254 6249
1136 6259 6254
1137 6264 6259
1138 6267 6264
1139 6271 6267
1140 6267 6271
1141 6266 6267
1142 6265 6266
1143 6266 6265
1144 6268 6266
1145 6270 6268
1146 6268 6270
1147 6264 6268
1148 6267 6264
1149 6307 6267
1150 6353 6307
1151 6399 6353
1152 6439 6399
1153 6476 6439
1154 6504 6476
1155 6506 6504
1156 6505 6506
1157 6504 6505
1158 6505 6504
1159 6495 6505
1160 6488 6495
1161 6491 6488
1162 6502 6491
1163 6505 6502
1164 6500 6505
1165 6495 6500
1166 6508 6495
1167 6536 6508
1168 6562 6536
1169 6573 6562
1170 6581 6573
1171 6596 6581
1172 6614 6596
1173 6638 6614
1174 6660 6638
1175 6679 6660
1176 6663 6679
1177 6645 6663
1178 6627 6645
1179 6648 6627
1180 6671 6648
1181 6709 6671
1182 6729 6709
1183 6747 6729
1184 6755 6747
1185 6754 6755
1186 6753 6754
1187 6744 6753
1188 6740 6744
1189 6738 6740
1190 6760 6738
1191 6778 6760
1192 6790 6778
1193 6810 6790
1194 6809 6810
1195 6824 6809
1196 6814 6824
1197 6788 6814
1198 6756 6788
1199 6735 6756
1200 6775 6735
1201 6811 6775
1202 6847 6811
1203 6863 6847
1204 6891 6863
1205 6922 6891
1206 6955 6922
1207 6949 6955
1208 6922 6949
1209 6893 6922
1210 6911 6893
1211 6935 6911
1212 6960 6935
1213 6968 6960
1214 6972 6968
1215 6975 6972
1216 6980 6975
1217 7011 6980
1218 7043 7011
1219 7092 7043
1220 7112 7092
1221 7133 7112
1222 7144 7133
1223 7164 7144
1224 7189 7164
1225 7202 7189
1226 7216 7202
1227 7223 7216
1228 7224 7223
1229 7221 7224
1230 7212 7221
1231 7211 7212
1232 7211 7211
1233 7234 7211
1234 7248 7234
1235 7247 7248
1236 7227 7247
1237 7210 7227
1238 7208 7210
1239 7213 7208
1240 7213 7213
1241 7195 7213
1242 7172 7195
1243 7160 7172
1244 7160 7160
1245 7162 7160
1246 7177 7162
1247 7197 7177
1248 7221 7197
1249 7231 7221
1250 7256 7231
1251 7273 7256
1252 7262 7273
1253 7234 7262
1254 7212 7234
1255 7217 7212
1256 7225 7217
1257 7217 7225
1258 7183 7217
1259 7176 7183
1260 7193 7176
1261 7250 7193
1262 7280 7250
1263 7298 7280
1264 7305 7298
1265 7311 7305
1266 7330 7311
1267 7347 7330
1268 7364 7347
1269 7368 7364
1270 7377 7368
1271 7386 7377
1272 7393 7386
1273 7394 7393
1274 7398 7394
1275 7398 7398
1276 7405 7398
1277 7394 7405
1278 7376 7394
1279 7352 7376
1280 7341 7352
1281 7352 7341
1282 7385 7352
1283 7408 7385
1284 7430 7408
1285 7451 7430
1286 7502 7451
1287 7561 7502
1288 7586 7561
1289 7587 7586
1290 7577 7587
1291 7566 7577
1292 7563 7566
1293 7552 7563
1294 7566 7552
1295 7585 7566
1296 7605 7585
1297 7619 7605
1298 7626 7619
1299 7636 7626
1300 7664 7636
1301 7674 7664
1302 7677 7674
1303 7656 7677
1304 7653 7656
1305 7656 7653
1306 7660 7656
1307 7666 7660
1308 7672 7666
1309 7675 7672
1310 7677 7675
1311 7664 7677
1312 7646 7664
1313 7632 7646
1314 7631 7632
1315 7639 7631
1316 7647 7639
1317 7658 7647
1318 7667 7658
1319 7666 7667
1320 7691 7666
1321 7742 7691
1322 7806 7742
1323 7838 7806
1324 7834 7838
1325 7860 7834
1326 7897 7860
1327 7944 7897
1328 7947 7944
1329 7944 7947
1330 7941 7944
1331 7948 7941
1332 7943 7948
1333 7939 7943
1334 7931 7939
1335 7931 7931
1336 7926 7931
1337 7942 7926
1338 7956 7942
1339 7972 7956
1340 7964 7972
1341 7962 7964
1342 7962 7962
1343 7952 7962
1344 7958 7952
1345 7965 7958
1346 7981 7965
1347 7979 7981
1348 7976 7979
1349 7977 7976
1350 7980 7977
1351 7963 7980
1352 7955 7963
1353 7944 7955
1354 7959 7944
1355 7957 7959
1356 7951 7957
1357 7914 7951
1358 7900 7914
1359 7891 7900
1360 7907 7891
1361 7908 7907
1362 7884 7908
1363 7856 7884
1364 7813 7856
1365 7805 7813
1366 7802 7805
1367 7812 7802
1368 7814 7812
1369 7811 7814
1370 7780 7811
1371 7737 7780
1372 7694 7737
1373 7681 7694
1374 7667 7681
1375 7666 7667
1376 7668 7666
1377 7686 7668
1378 7695 7686
1379 7702 7695
1380 7710 7702
1381 7744 7710
1382 7786 7744
1383 7825 7786
1384 7853 7825
1385 7860 7853
1386 7854 7860
1387 7834 7854
1388 7827 7834
1389 7833 7827
1390 7841 7833
1391 7859 7841
1392 7864 7859
1393 7872 7864
1394 7874 7872
1395 7893 7874
1396 7910 7893
1397 7912 7910
1398 7897 7912
1399 7878 7897
1400 7862 7878
1401 7847 7862
1402 7841 7847
1403 7839 7841
1404 7848 7839
1405 7848 7848
1406 7855 7848
1407 7874 7855
1408 7894 7874
1409 7911 7894
1410 7916 7911
1411 7922 7916
1412 7927 7922
1413 7932 7927
1414 7936 7932
1415 7933 7936
1416 7928 7933
1417 7939 7928
1418 7955 7939
1419 7971 7955
1420 7974 7971
1421 7980 7974
1422 7994 7980
1423 8005 7994
1424 8020 8005
1425 8035 8020
1426 8049 8035
1427 8054 8049
1428 8053 8054
1429 8054 8053
1430 8060 8054
1431 8067 8060
1432 8083 8067
1433 8102 8083
1434 8125 8102
1435 8140 8125
1436 8149 8140
1437 8155 8149
1438 8177 8155
1439 8201 8177
1440 8230 8201
1441 8222 8230
1442 8219 8222
1443 8214 8219
1444 8231 8214
1445 8243 8231
1446 8246 8243
1447 8235 8246
1448 8218 8235
1449 8231 8218
1450 8240 8231
1451 8255 8240
1452 8244 8255
1453 8247 8244
1454 8258 8247
1455 8276 8258
1456 8297 8276
1457 8316 8297
1458 8325 8316
1459 8328 8325
1460 8308 8328
1461 8282 8308
1462 8259 8282
1463 8254 8259
1464 8259 8254
1465 8274 8259
1466 8295 8274
1467 8318 8295
1468 8324 8318
1469 8326 8324
1470 8323 8326
1471 8328 8323
1472 8326 8328
1473 8345 8326
1474 8363 8345
1475 8385 8363
1476 8390 8385
1477 8395 8390
1478 8396 8395
1479 8424 8396
1480 8448 8424
1481 8476 8448
1482 8479 8476
1483 8496 8479
1484 8510 8496
1485 8518 8510
1486 8517 8518
1487 8513 8517
1488 8511 8513
1489 8524 8511
1490 8541 8524
1491 8574 8541
1492 8598 8574
1493 8636 8598
1494 8659 8636
1495 8671 8659
1496 8675 8671
1497 8687 8675
1498 8699 8687
1499 8712 8699
1500 8719 8712
1501 8733 8719
1502 8750 8733
1503 8771 8750
1504 8789 8771
1505 8777 8789
1506 8773 8777
1507 8771 8773
1508 8798 8771
1509 8811 8798
1510 8820 8811
1511 8822 8820
1512 8812 8822
1513 8802 8812
1514 8787 8802
1515 8753 8787
1516 8722 8753
1517 8683 8722
1518 8665 8683
1519 8665 8665
1520 8676 8665
1521 8700 8676
1522 8709 8700
1523 8722 8709
1524 8729 8722
1525 8748 8729
1526 8767 8748
1527 8780 8767
1528 8786 8780
1529 8801 8786
1530 8839 8801
1531 8877 8839
1532 8904 8877
1533 8916 8904
1534 8919 8916
1535 8920 8919
1536 8934 8920
1537 8949 8934
1538 8964 8949
1539 8969 8964
1540 8983 8969
1541 8990 8983
1542 8994 8990
1543 8974 8994
1544 8963 8974
1545 8956 8963
1546 8971 8956
1547 8994 8971
1548 9011 8994
1549 9004 9011
1550 9020 9004
1551 9027 9020
1552 9040 9027
1553 9023 9040
1554 9027 9023
1555 9044 9027
1556 9071 9044
1557 9085 9071
1558 9098 9085
1559 9083 9098
1560 9069 9083
1561 9054 9069
1562 9053 9054
1563 9059 9053
1564 9086 9059
1565 9128 9086
1566 9171 9128
1567 9188 9171
1568 9189 9188
1569 9181 9189
1570 9179 9181
1571 9181 9179
1572 9193 9181
1573 9210 9193
1574 9230 9210
1575 9247 9230
1576 9259 9247
1577 9295 9259
1578 9325 9295
1579 9360 9325
1580 9369 9360
1581 9385 9369
1582 9398 9385
1583 9425 9398
1584 9438 9425
1585 9447 9438
1586 9434 9447
1587 9437 9434
1588 9447 9437
1589 9466 9447
1590 9483 9466
1591 9500 9483
1592 9527 9500
1593 9549 9527
1594 9575 9549
1595 9591 9575
1596 9621 9591
1597 9642 9621
1598 9659 9642
1599 9689 9659
1600 9717 9689
1601 9741 9717
1602 9734 9741
1603 9727 9734
1604 9723 9727
1605 9696 9723
1606 9667 9696
1607 9657 9667
1608 9672 9657
1609 9686 9672
1610 9679 9686
1611 9669 9679
1612 9652 9669
1613 9653 9652
1614 9654 9653
1615 9684 9654
1616 9692 9684
1617 9701 9692
1618 9679 9701
1619 9671 9679
1620 9684 9671
1621 9707 9684
1622 9727 9707
1623 9752 9727
1624 9792 9752
1625 9834 9792
1626 9854 9834
1627 9876 9854
1628 9894 9876
1629 9921 9894
1630 9936 9921
1631 9939 9936
1632 9917 9939
1633 9930 9917
1634 9955 9930
1635 9997 9955
1636 10005 9997
1637 10021 10005
1638 10043 10021
1639 10078 10043
1640 10135 10078
1641 10185 10135
1642 10219 10185
1643 10225 10219
1644 10226 10225
1645 10217 10226
1646 10208 10217
1647 10204 10208
1648 10210 10204
1649 10203 10210
1650 10194 10203
1651 10182 10194
1652 10181 10182
1653 10169 10181
1654 10164 10169
1655 10144 10164
1656 10138 10144
1657 10121 10138
1658 10120 10121
1659 10147 10120
1660 10180 10147
1661 10202 10180
1662 10200 10202
1663 10214 10200
1664 10238 10214
1665 10257 10238
1666 10262 10257
1667 10267 10262
1668 10259 10267
1669 10237 10259
1670 10215 10237
1671 10204 10215
1672 10216 10204
1673 10233 10216
1674 10253 10233
1675 10231 10253
1676 10196 10231
1677 10167 10196
1678 10169 10167
1679 10186 10169
1680 10198 10186
1681 10212 10198
1682 10219 10212
1683 10225 10219
1684 10244 10225
1685 10263 10244
1686 10284 10263
1687 10288 10284
1688 10309 10288
1689 10327 10309
1690 10348 10327
1691 10358 10348
1692 10372 10358
1693 10364 10372
1694 10348 10364
1695 10317 10348
1696 10297 10317
1697 10292 10297
1698 10299 10292
1699 10295 10299
1700 10284 10295
1701 10272 10284
1702 10279 10272
1703 10278 10279
1704 10277 10278
1705 10279 10277
1706 10283 10279
1707 10293 10283
1708 10300 10293
1709 10314 10300
1710 10311 10314
1711 10324 10311
1712 10327 10324
1713 10343 10327
1714 10340 10343
1715 10333 10340
1716 10331 10333
1717 10326 10331
1718 10343 10326
1719 10339 10343
1720 10366 10339
1721 10388 10366
1722 10418 10388
1723 10438 10418
1724 10446 10438
1725 10457 10446
1726 10464 10457
1727 10470 10464
1728 10475 10470
1729 10478 10475
1730 10486 10478
1731 10485 10486
1732 10475 10485
1733 10463 10475
1734 10466 10463
1735 10466 10466
1736 10489 10466
1737 10518 10489
1738 10546 10518
1739 10547 10546
1740 10531 10547
1741 10525 10531
1742 10515 10525
1743 10516 10515
1744 10515 10516
1745 10524 10515
1746 10531 10524
1747 10536 10531
1748 10540 10536
1749 10544 10540
1750 10550 10544
1751 10559 10550
1752 10562 10559
1753 10563 10562
1754 10557 10563
1755 10567 10557
1756 10582 10567
1757 10603 10582
1758 10625 10603
1759 10650 10625
1760 10670 10650
1761 10686 10670
1762 10697 10686
1763 10707 10697
1764 10710 10707
1765 10695 10710
1766 10685 10695
1767 10653 10685
1768 10638 10653
1769 10621 10638
1770 10631 10621
1771 10625 10631
1772 10616 10625
1773 10607 10616
1774 10621 10607
1775 10633 10621
1776 10640 10633
1777 10632 10640
1778 10614 10632
1779 10596 10614
1780 10619 10596
1781 10657 10619
1782 10697 10657
1783 10704 10697
1784 10708 10704
1785 10714 10708
1786 10721 10714
1787 10735 10721
1788 10746 10735
1789 10769 10746
1790 10784 10769
1791 10819 10784
1792 10839 10819
1793 10879 10839
1794 10880 10879
1795 10882 10880
1796 10846 10882
1797 10830 10846
1798 10807 10830
1799 10806 10807
1800 10803 10806
1801 10785 10803
1802 10768 10785
1803 10740 10768
1804 10728 10740
1805 10716 10728
1806 10705 10716
1807 10699 10705
1808 10692 10699
1809 10686 10692
1810 10678 10686
1811 10670 10678
1812 10671 10670
1813 10670 10671
1814 10673 10670
1815 10680 10673
1816 10689 10680
1817 10681 10689
1818 10676 10681
1819 10671 10676
1820 10708 10671
1821 10740 10708
1822 10771 10740
1823 10787 10771
1824 10812 10787
1825 10821 10812
1826 10816 10821
1827 10807 10816
1828 10797 10807
1829 10790 10797
1830 10782 10790
1831 10791 10782
1832 10794 10791
1833 10791 10794
1834 10791 10791
1835 10805 10791
1836 10819 10805
1837 10852 10819
1838 10879 10852
1839 10928 10879
1840 10958 10928
1841 10994 10958
1842 11014 10994
1843 11034 11014
1844 11041 11034
1845 11037 11041
1846 11033 11037
1847 11031 11033
1848 11019 11031
1849 10998 11019
1850 10975 10998
1851 10951 10975
1852 10932 10951
1853 10912 10932
1854 10908 10912
1855 10910 10908
1856 10896 10910
1857 10868 10896
1858 10821 10868
1859 10806 10821
1860 10803 10806
1861 10812 10803
1862 10809 10812
1863 10824 10809
1864 10842 10824
1865 10856 10842
1866 10845 10856
1867 10838 10845
1868 10831 10838
1869 10821 10831
1870 10815 10821
1871 10807 10815
1872 10813 10807
1873 10811 10813
1874 10815 10811
1875 10825 10815
1876 10838 10825
1877 10851 10838
1878 10856 10851
1879 10865 10856
1880 10873 10865
1881 10879 10873
1882 10878 10879
1883 10891 10878
1884 10918 10891
1885 10918 10918
1886 10895 10918
1887 10862 10895
1888 10860 10862
1889 10876 10860
1890 10883 10876
1891 10858 10883
1892 10832 10858
1893 10811 10832
1894 10824 10811
1895 10827 10824
1896 10830 10827
1897 10830 10830
1898 10832 10830
1899 10843 10832
1900 10853 10843
1901 10843 10853
1902 10816 10843
1903 10789 10816
1904 10780 10789
1905 10781 10780
1906 10789 10781
1907 10799 10789
1908 10815 10799
1909 10809 10815
1910 10806 10809
1911 10800 10806
1912 10805 10800
1913 10809 10805
1914 10810 10809
1915 10791 10810
1916 10766 10791
1917 10729 10766
1918 10716 10729
1919 10713 10716
1920 10729 10713
1921 10746 10729
1922 10736 10746
1923 10715 10736
1924 10700 10715
1925 10715 10700
1926 10738 10715
1927 10768 10738
1928 10771 10768
1929 10759 10771
1930 10743 10759
1931 10733 10743
1932 10743 10733
1933 10739 10743
1934 10750 10739
1935 10742 10750
1936 10739 10742
1937 10747 10739
1938 10789 10747
1939 10834 10789
1940 10865 10834
1941 10875 10865
1942 10888 10875
1943 10902 10888
1944 10917 10902
1945 10929 10917
1946 10932 10929
1947 10953 10932
1948 10967 10953
1949 11001 10967
1950 11027 11001
1951 11062 11027
1952 11085 11062
1953 11090 11085
1954 11089 11090
1955 11085 11089
1956 11075 11085
1957 11065 11075
1958 11058 11065
1959 11057 11058
1960 11064 11057
1961 11064 11064
1962 11084 11064
1963 11101 11084
1964 11125 11101
1965 11136 11125
1966 11136 11136
1967 11130 11136
1968 11107 11130
1969 11101 11107
1970 11105 11101
1971 11137 11105
1972 11158 11137
1973 11178 11158
1974 11176 11178
1975 11174 11176
1976 11157 11174
1977 11151 11157
1978 11145 11151
1979 11174 11145
1980 11172 11174
1981 11155 11172
1982 11130 11155
1983 11126 11130
1984 11137 11126
1985 11154 11137
1986 11178 11154
1987 11204 11178
1988 11199 11204
1989 11194 11199
1990 11196 11194
1991 11211 11196
1992 11228 11211
1993 11245 11228
1994 11265 11245
1995 11313 11265
1996 11355 11313
1262
